mybox=[[[[20.,-0.2,-0.2],[750.,-6.800000000000001,-6.800000000000001],[750.,306.8,-6.800000000000001],[20.,8.200000000000001,-0.2]],[0.009040726397077823,0.,0.9999591317980016]],[[[20.,-0.2,8.200000000000001],[750.,-6.800000000000001,306.8],[750.,306.8,306.8],[20.,8.200000000000001,8.200000000000001]],[0.37859334989563304,0.,-0.9255631126048631]],[[[20.,-0.2,8.200000000000001],[750.,-6.800000000000001,306.8],[750.,-6.800000000000001,-6.800000000000001],[20.,-0.2,-0.2]],[0.009040726397077821,0.9999591317980016,0.]],[[[20.,8.200000000000001,8.200000000000001],[750.,306.8,306.8],[750.,306.8,-6.800000000000001],[20.,8.200000000000001,-0.2]],[0.37859334989563304,-0.9255631126048633,0.]],[[[20.,-0.2,8.200000000000001],[20.,-0.2,-0.2],[20.,8.200000000000001,-0.2],[20.,8.200000000000001,8.200000000000001]],[1.,0.,0.]],[[[750.,-6.800000000000001,306.8],[750.,-6.800000000000001,-6.800000000000001],[750.,306.8,-6.800000000000001],[750.,306.8,306.8]],[-1.,0.,0.]]];
c1ThetaMinPhiMin=[20.,-0.2,8.200000000000001];
c1ThetaMinPhiMax=[20.,8.200000000000001,8.200000000000001];
c1ThetaMaxPhiMin=[20.,-0.2,-0.2];
c1ThetaMaxPhiMax=[20.,8.200000000000001,-0.2];
c2ThetaMinPhiMin=[750.,-6.800000000000001,306.8];
c2ThetaMinPhiMax=[750.,306.8,306.8];
c2ThetaMaxPhiMin=[750.,-6.800000000000001,-6.800000000000001];
c2ThetaMaxPhiMax=[750.,306.8,-6.800000000000001];
